11
-5
-4
-3
-2
-1
0
1
2
3
4
5
11
-5
-4
-3
-2
-1
0
1
2
3
4
5
0.12389934309929541
0.13507810593582123
0.1463924816619788
0.1566130288262323
0.1639607805437114
0.16666666666666666
0.1639607805437114
0.1566130288262323
0.1463924816619788
0.13507810593582123
0.12389934309929541
0.13507810593582123
0.15022110482233483
0.16666666666666666
0.1827439976315568
0.1951941016011038
0.2
0.1951941016011038
0.1827439976315568
0.16666666666666666
0.15022110482233483
0.13507810593582123
0.1463924816619788
0.16666666666666666
0.1907435698305462
0.21712927295533244
0.2402530733520421
0.25
0.2402530733520421
0.21712927295533244
0.1907435698305462
0.16666666666666666
0.1463924816619788
0.1566130288262323
0.1827439976315568
0.21712927295533244
0.2612038749637414
0.3090169943749474
0.3333333333333333
0.3090169943749474
0.2612038749637414
0.21712927295533244
0.1827439976315568
0.1566130288262323
0.1639607805437114
0.1951941016011038
0.2402530733520421
0.3090169943749474
0.4142135623730951
0.5
0.4142135623730951
0.3090169943749474
0.2402530733520421
0.1951941016011038
0.1639607805437114
0.16666666666666666
0.2
0.25
0.3333333333333333
0.5
1.0
0.5
0.3333333333333333
0.25
0.2
0.16666666666666666
0.1639607805437114
0.1951941016011038
0.2402530733520421
0.3090169943749474
0.4142135623730951
0.5
0.4142135623730951
0.3090169943749474
0.2402530733520421
0.1951941016011038
0.1639607805437114
0.1566130288262323
0.1827439976315568
0.21712927295533244
0.2612038749637414
0.3090169943749474
0.3333333333333333
0.3090169943749474
0.2612038749637414
0.21712927295533244
0.1827439976315568
0.1566130288262323
0.1463924816619788
0.16666666666666666
0.1907435698305462
0.21712927295533244
0.2402530733520421
0.25
0.2402530733520421
0.21712927295533244
0.1907435698305462
0.16666666666666666
0.1463924816619788
0.13507810593582123
0.15022110482233483
0.16666666666666666
0.1827439976315568
0.1951941016011038
0.2
0.1951941016011038
0.1827439976315568
0.16666666666666666
0.15022110482233483
0.13507810593582123
0.12389934309929541
0.13507810593582123
0.1463924816619788
0.1566130288262323
0.1639607805437114
0.16666666666666666
0.1639607805437114
0.1566130288262323
0.1463924816619788
0.13507810593582123
0.12389934309929541
​
